 17.63  -20.01  0.0746  3.3747E+02  5.1619E+03  0.0875  8.2628E+03
 17.70  -19.09  0.0512  2.2796E+02  1.6995E+03  0.0585  2.5170E+03
 17.46  -20.54  0.0874  3.9906E+02  8.2367E+03  0.1102  1.6225E+04
 14.76  -19.48  0.0163  7.0640E+01  5.5969E+01  0.0696  4.2132E+03
 17.06  -21.96  0.1351  6.3628E+02  2.9356E+04  0.2005  9.1402E+04
 15.46  -22.19  0.0747  3.3792E+02  5.1812E+03  0.2199  1.1893E+05
 17.92  -21.79  0.1803  8.7317E+02  6.7482E+04  0.1865  7.4362E+04
 17.37  -21.19  0.1110  5.1490E+02  1.6589E+04  0.1452  3.6184E+04
 17.59  -21.65  0.1483  7.0452E+02  3.8488E+04  0.1765  6.3457E+04
 17.86  -20.61  0.1071  4.9533E+02  1.4927E+04  0.1136  1.7712E+04
 16.40  -21.88  0.0987  4.5381E+02  1.1745E+04  0.1941  8.3366E+04
 17.71  -20.98  0.1176  5.4766E+02  1.9612E+04  0.1331  2.8131E+04
 17.95  -21.61  0.1694  8.1499E+02  5.6421E+04  0.1729  5.9860E+04
 17.54  -21.28  0.1242  5.8075E+02  2.2978E+04  0.1510  4.0524E+04
 16.66  -21.30  0.0855  3.8971E+02  7.7124E+03  0.1520  4.1289E+04
 17.83  -18.78  0.0472  2.0947E+02  1.3339E+03  0.0509  1.6692E+03
 17.26  -19.07  0.0417  1.8410E+02  9.2011E+02  0.0579  2.4414E+03
 17.86  -21.93  0.1868  9.0805E+02  7.4662E+04  0.1982  8.8440E+04
 15.26  -21.38  0.0478  2.1232E+02  1.3867E+03  0.1571  4.5392E+04
 15.48  -21.23  0.0495  2.1979E+02  1.5310E+03  0.1478  3.8097E+04
 17.91  -20.75  0.1161  5.4031E+02  1.8908E+04  0.1207  2.1148E+04
 15.34  -21.03  0.0425  1.8786E+02  9.7533E+02  0.1355  2.9617E+04
 17.95  -18.54  0.0448  1.9823E+02  1.1385E+03  0.0458  1.2192E+03
 16.51  -22.02  0.1097  5.0838E+02  1.6024E+04  0.2051  9.7603E+04
 16.18  -18.48  0.0197  8.5649E+01  9.8766E+01  0.0447  1.1345E+03
 17.84  -22.07  0.1962  9.5922E+02  8.5943E+04  0.2096  1.0381E+05
 16.86  -19.75  0.0472  2.0958E+02  1.3359E+03  0.0783  5.9453E+03
 17.39  -22.26  0.1758  8.4929E+02  6.2804E+04  0.2262  1.2880E+05
 17.78  -19.00  0.0511  2.2746E+02  1.6890E+03  0.0563  2.2511E+03
 17.90  -18.66  0.0462  2.0465E+02  1.2477E+03  0.0483  1.4263E+03
 17.77  -19.54  0.0646  2.9012E+02  3.3732E+03  0.0714  4.5402E+03
 17.89  -20.33  0.0960  4.4051E+02  1.0823E+04  0.1005  1.2400E+04
 15.53  -21.56  0.0586  2.6192E+02  2.5247E+03  0.1698  5.6796E+04
 17.06  -16.11  0.0100  4.3066E+01  1.2922E+01  0.0153  4.6398E+01
 16.73  -21.94  0.1166  5.4257E+02  1.9122E+04  0.1988  8.9309E+04
 17.28  -19.36  0.0480  2.1315E+02  1.4022E+03  0.0659  3.5866E+03
 17.82  -20.50  0.1000  4.6053E+02  1.2229E+04  0.1081  1.5346E+04
 17.51  -19.85  0.0659  2.9630E+02  3.5800E+03  0.0817  6.7559E+03
 17.63  -21.07  0.1179  5.4919E+02  1.9761E+04  0.1382  3.1369E+04
 17.74  -21.32  0.1372  6.4709E+02  3.0706E+04  0.1531  4.2208E+04
 17.91  -19.92  0.0809  3.6760E+02  6.5558E+03  0.0842  7.3710E+03
 16.81  -21.59  0.1035  4.7769E+02  1.3519E+04  0.1717  5.8669E+04
 17.73  -20.72  0.1063  4.9117E+02  1.4588E+04  0.1192  2.0400E+04
 18.00  -20.92  0.1293  6.0668E+02  2.5841E+04  0.1294  2.5893E+04
 14.63  -20.52  0.0246  1.0743E+02  1.9210E+02  0.1093  1.5841E+04
 17.79  -19.99  0.0793  3.5973E+02  6.1715E+03  0.0870  8.1227E+03
 17.77  -21.55  0.1536  7.3168E+02  4.2530E+04  0.1693  5.6328E+04
 17.98  -19.69  0.0756  3.4229E+02  5.3713E+03  0.0761  5.4808E+03
 17.04  -17.72  0.0206  8.9576E+01  1.1269E+02  0.0318  4.1087E+02
 17.52  -19.68  0.0615  2.7565E+02  2.9186E+03  0.0758  5.4132E+03
 17.49  -21.65  0.1423  6.7324E+02  3.4122E+04  0.1760  6.3025E+04
 17.76  -20.57  0.1005  4.6273E+02  1.2390E+04  0.1114  1.6729E+04
 16.11  -20.23  0.0420  1.8547E+02  9.3996E+02  0.0964  1.0982E+04
 17.22  -22.42  0.1756  8.4788E+02  6.2535E+04  0.2420  1.5581E+05
 17.79  -19.30  0.0584  2.6117E+02  2.5042E+03  0.0641  3.2960E+03
 17.25  -20.25  0.0701  3.1621E+02  4.3002E+03  0.0971  1.1189E+04
 16.62  -21.15  0.0787  3.5723E+02  6.0528E+03  0.1428  3.4480E+04
 17.09  -19.76  0.0527  2.3466E+02  1.8461E+03  0.0786  6.0135E+03
 17.03  -19.13  0.0387  1.7075E+02  7.4035E+02  0.0595  2.6536E+03
 16.45  -17.47  0.0140  6.0652E+01  3.5666E+01  0.0283  2.9140E+02
 17.90  -19.76  0.0752  3.4024E+02  5.2817E+03  0.0784  5.9820E+03
 17.48  -20.56  0.0888  4.0556E+02  8.6136E+03  0.1110  1.6563E+04
 17.25  -21.40  0.1155  5.3693E+02  1.8589E+04  0.1589  4.6908E+04
 17.83  -20.85  0.1171  5.4532E+02  1.9386E+04  0.1258  2.3845E+04
 17.59  -19.40  0.0561  2.5055E+02  2.2253E+03  0.0672  3.7872E+03
 16.37  -19.94  0.0414  1.8283E+02  9.0187E+02  0.0849  7.5428E+03
 17.56  -22.31  0.1930  9.4212E+02  8.2073E+04  0.2309  1.3654E+05
 16.92  -19.71  0.0477  2.1157E+02  1.3727E+03  0.0769  5.6403E+03
 17.80  -20.25  0.0892  4.0762E+02  8.7352E+03  0.0973  1.1280E+04
 17.78  -19.07  0.0524  2.3348E+02  1.8197E+03  0.0579  2.4429E+03
 17.43  -17.04  0.0181  7.8525E+01  7.6475E+01  0.0234  1.6477E+02
 17.88  -20.66  0.1103  5.1097E+02  1.6247E+04  0.1159  1.8793E+04
 18.00  -21.22  0.1469  6.9722E+02  3.7441E+04  0.1472  3.7642E+04
 15.98  -20.28  0.0405  1.7874E+02  8.4488E+02  0.0986  1.1706E+04
 17.77  -20.59  0.1018  4.6893E+02  1.2850E+04  0.1124  1.7189E+04
 15.91  -19.60  0.0289  1.2645E+02  3.0936E+02  0.0734  4.9219E+03
 16.59  -21.99  0.1123  5.2097E+02  1.7126E+04  0.2028  9.4493E+04
 17.75  -19.36  0.0591  2.6441E+02  2.5934E+03  0.0661  3.6072E+03
 17.21  -21.26  0.1069  4.9421E+02  1.4835E+04  0.1497  3.9509E+04
 17.71  -21.28  0.1337  6.2915E+02  2.8484E+04  0.1508  4.0378E+04
 17.45  -22.04  0.1651  7.9210E+02  5.2377E+04  0.2073  1.0054E+05
 17.46  -18.13  0.0299  1.3109E+02  3.4371E+02  0.0382  7.1229E+02
 17.55  -20.49  0.0890  4.0663E+02  8.6767E+03  0.1080  1.5293E+04
 16.52  -20.10  0.0476  2.1111E+02  1.3640E+03  0.0913  9.3445E+03
 14.03  -21.31  0.0267  1.1676E+02  2.4512E+02  0.1527  4.1844E+04
 17.44  -20.47  0.0838  3.8174E+02  7.2818E+03  0.1069  1.4859E+04
 17.72  -21.28  0.1344  6.3263E+02  2.8908E+04  0.1511  4.0582E+04
 17.81  -20.23  0.0889  4.0629E+02  8.6566E+03  0.0964  1.0971E+04
 16.45  -20.62  0.0581  2.5975E+02  2.4656E+03  0.1141  1.7956E+04
 17.57  -21.40  0.1327  6.2388E+02  2.7851E+04  0.1588  4.6821E+04
 17.91  -20.27  0.0945  4.3329E+02  1.0341E+04  0.0982  1.1589E+04
 17.87  -20.86  0.1195  5.5721E+02  2.0551E+04  0.1263  2.4159E+04
 17.38  -22.14  0.1669  8.0162E+02  5.4038E+04  0.2161  1.1312E+05
 16.28  -21.01  0.0639  2.8683E+02  3.2663E+03  0.1346  2.9049E+04
 16.61  -20.92  0.0710  3.2038E+02  4.4614E+03  0.1296  2.6022E+04
 17.91  -20.97  0.1274  5.9686E+02  2.4734E+04  0.1323  2.7650E+04
 16.96  -19.29  0.0402  1.7744E+02  8.2726E+02  0.0639  3.2655E+03
 16.53  -18.85  0.0272  1.1889E+02  2.5844E+02  0.0526  1.8351E+03
 17.28  -21.59  0.1269  5.9477E+02  2.4501E+04  0.1720  5.8996E+04
 14.80  -19.62  0.0176  7.6590E+01  7.1052E+01  0.0739  5.0270E+03
 17.23  -21.85  0.1388  6.5525E+02  3.1749E+04  0.1914  8.0043E+04
 17.82  -19.86  0.0759  3.4360E+02  5.4290E+03  0.0821  6.8513E+03
 17.55  -21.02  0.1112  5.1568E+02  1.6657E+04  0.1350  2.9303E+04
 17.16  -21.81  0.1322  6.2148E+02  2.7566E+04  0.1879  7.5977E+04
 13.91  -21.07  0.0227  9.9082E+01  1.5155E+02  0.1383  3.1427E+04
 14.81  -21.37  0.0391  1.7225E+02  7.5928E+02  0.1566  4.4974E+04
 17.19  -17.27  0.0180  7.8009E+01  7.5004E+01  0.0259  2.2306E+02
 17.53  -21.16  0.1177  5.4796E+02  1.9641E+04  0.1435  3.5003E+04
 17.33  -19.28  0.0474  2.1016E+02  1.3464E+03  0.0637  3.2327E+03
 17.88  -19.78  0.0752  3.4017E+02  5.2784E+03  0.0793  6.1807E+03
 17.94  -21.73  0.1775  8.5851E+02  6.4587E+04  0.1821  6.9472E+04
 17.90  -19.69  0.0729  3.2955E+02  4.8295E+03  0.0763  5.5263E+03
 17.62  -20.69  0.1000  4.6030E+02  1.2212E+04  0.1175  1.9557E+04
 17.64  -21.45  0.1394  6.5831E+02  3.2146E+04  0.1622  4.9829E+04
 17.71  -20.84  0.1108  5.1376E+02  1.6489E+04  0.1255  2.3689E+04
 17.85  -19.00  0.0527  2.3474E+02  1.8479E+03  0.0563  2.2463E+03
 16.63  -21.36  0.0872  3.9803E+02  8.1778E+03  0.1564  4.4815E+04
 17.57  -21.05  0.1141  5.2994E+02  1.7940E+04  0.1368  3.0440E+04
 17.45  -20.42  0.0822  3.7405E+02  6.8811E+03  0.1045  1.3899E+04
 16.65  -22.09  0.1202  5.6093E+02  2.0924E+04  0.2113  1.0615E+05
 18.00  -18.16  0.0386  1.7035E+02  7.3531E+02  0.0387  7.3778E+02
 17.68  -22.34  0.2056  1.0106E+03  9.8186E+04  0.2339  1.4162E+05
 16.71  -19.19  0.0345  1.5156E+02  5.2411E+02  0.0613  2.8860E+03
 16.91  -20.60  0.0703  3.1709E+02  4.3338E+03  0.1130  1.7437E+04
 17.68  -20.75  0.1050  4.8477E+02  1.4074E+04  0.1204  2.0984E+04
 17.87  -22.19  0.2091  1.0299E+03  1.0302E+05  0.2204  1.1965E+05
 17.15  -21.08  0.0967  4.4409E+02  1.1067E+04  0.1389  3.1803E+04
 17.70  -20.60  0.0991  4.5563E+02  1.1875E+04  0.1129  1.7425E+04
 17.83  -19.66  0.0696  3.1365E+02  4.2031E+03  0.0751  5.2660E+03
 17.87  -20.71  0.1119  5.1898E+02  1.6949E+04  0.1185  2.0029E+04
 17.67  -20.32  0.0866  3.9515E+02  8.0147E+03  0.1001  1.2254E+04
 17.90  -20.28  0.0940  4.3108E+02  1.0196E+04  0.0984  1.1641E+04
 16.12  -19.64  0.0323  1.4168E+02  4.3092E+02  0.0745  5.1389E+03
 17.51  -21.15  0.1159  5.3927E+02  1.8809E+04  0.1430  3.4596E+04
 17.96  -22.35  0.2311  1.1529E+03  1.3687E+05  0.2351  1.4360E+05
 17.52  -20.16  0.0762  3.4504E+02  5.4929E+03  0.0937  1.0088E+04
 17.89  -20.46  0.1017  4.6883E+02  1.2843E+04  0.1066  1.4719E+04
 17.04  -20.18  0.0621  2.7856E+02  3.0066E+03  0.0945  1.0342E+04
 17.71  -21.56  0.1505  7.1564E+02  4.0114E+04  0.1698  5.6860E+04
 15.20  -21.28  0.0448  1.9833E+02  1.1400E+03  0.1511  4.0595E+04
 17.88  -21.25  0.1418  6.7053E+02  3.3758E+04  0.1488  3.8867E+04
 17.41  -20.06  0.0693  3.1258E+02  4.1626E+03  0.0897  8.8893E+03
 17.08  -20.19  0.0635  2.8522E+02  3.2147E+03  0.0948  1.0448E+04
 17.78  -21.06  0.1255  5.8761E+02  2.3716E+04  0.1377  3.1041E+04
 17.87  -20.68  0.1106  5.1263E+02  1.6391E+04  0.1168  1.9239E+04
 16.83  -21.04  0.0821  3.7342E+02  6.8491E+03  0.1361  2.9995E+04
 17.86  -20.62  0.1073  4.9644E+02  1.5019E+04  0.1140  1.7889E+04
 17.98  -19.92  0.0833  3.7928E+02  7.1520E+03  0.0842  7.3731E+03
 17.97  -18.00  0.0355  1.5635E+02  5.7367E+02  0.0361  5.9887E+02
 16.75  -21.58  0.1004  4.6208E+02  1.2342E+04  0.1708  5.7759E+04
 17.53  -19.62  0.0600  2.6870E+02  2.7149E+03  0.0739  5.0295E+03
 16.61  -20.66  0.0635  2.8483E+02  3.2022E+03  0.1162  1.8916E+04
 17.82  -20.79  0.1132  5.2584E+02  1.7565E+04  0.1225  2.2074E+04
 16.56  -20.63  0.0612  2.7442E+02  2.8819E+03  0.1147  1.8218E+04
 17.21  -21.08  0.0991  4.5611E+02  1.1909E+04  0.1389  3.1821E+04
 16.46  -20.17  0.0475  2.1088E+02  1.3599E+03  0.0937  1.0098E+04
 17.59  -20.11  0.0766  3.4720E+02  5.5895E+03  0.0915  9.3977E+03
 17.92  -20.19  0.0913  4.1757E+02  9.3383E+03  0.0947  1.0402E+04
 17.94  -20.23  0.0937  4.2953E+02  1.0095E+04  0.0964  1.0953E+04
 17.65  -21.61  0.1497  7.1169E+02  3.9532E+04  0.1731  6.0052E+04
 17.54  -17.39  0.0222  9.6828E+01  1.4165E+02  0.0273  2.6219E+02
 17.49  -20.80  0.0991  4.5601E+02  1.1902E+04  0.1232  2.2457E+04
 16.24  -22.13  0.1025  4.7240E+02  1.3113E+04  0.2146  1.1095E+05
 17.25  -21.61  0.1261  5.9055E+02  2.4037E+04  0.1732  6.0205E+04
 16.47  -21.12  0.0730  3.2977E+02  4.8386E+03  0.1408  3.3108E+04
 15.41  -19.60  0.0231  1.0055E+02  1.5823E+02  0.0733  4.9032E+03
 17.34  -21.81  0.1430  6.7666E+02  3.4584E+04  0.1881  7.6222E+04
 17.95  -20.56  0.1087  5.0344E+02  1.5603E+04  0.1112  1.6649E+04
 17.96  -20.36  0.1005  4.6277E+02  1.2393E+04  0.1020  1.2959E+04
 17.83  -19.53  0.0659  2.9631E+02  3.5806E+03  0.0711  4.4829E+03
 17.27  -21.16  0.1049  4.8459E+02  1.4059E+04  0.1435  3.4936E+04
 17.77  -19.01  0.0508  2.2616E+02  1.6615E+03  0.0564  2.2598E+03
 17.49  -21.17  0.1159  5.3910E+02  1.8793E+04  0.1440  3.5307E+04
 15.24  -19.63  0.0216  9.4002E+01  1.2985E+02  0.0741  5.0667E+03
 16.70  -19.70  0.0431  1.9043E+02  1.0142E+03  0.0765  5.5677E+03
 16.93  -21.65  0.1121  5.2019E+02  1.7057E+04  0.1760  6.3027E+04
 17.61  -20.77  0.1029  4.7434E+02  1.3261E+04  0.1216  2.1599E+04
 12.41  -17.68  0.0024  1.0427E+01  1.8759E-01  0.0313  3.9139E+02
 16.82  -21.08  0.0836  3.8070E+02  7.2271E+03  0.1389  3.1829E+04
 16.69  -20.83  0.0708  3.1921E+02  4.4156E+03  0.1249  2.3389E+04
 16.84  -20.36  0.0615  2.7569E+02  2.9196E+03  0.1019  1.2891E+04
 17.07  -20.38  0.0687  3.0931E+02  4.0414E+03  0.1029  1.3269E+04
 18.00  -21.84  0.1908  9.3012E+02  7.9417E+04  0.1908  7.9428E+04
 17.31  -22.34  0.1767  8.5418E+02  6.3747E+04  0.2344  1.4247E+05
 16.18  -21.60  0.0793  3.5976E+02  6.1731E+03  0.1727  5.9626E+04
 17.74  -21.15  0.1276  5.9802E+02  2.4862E+04  0.1427  3.4441E+04
 16.04  -19.92  0.0355  1.5608E+02  5.7082E+02  0.0844  7.4316E+03
 16.17  -17.88  0.0149  6.4474E+01  4.2731E+01  0.0341  5.0557E+02
 17.65  -21.68  0.1539  7.3334E+02  4.2785E+04  0.1785  6.5540E+04
 16.95  -21.53  0.1071  4.9542E+02  1.4934E+04  0.1676  5.4691E+04
 17.72  -20.31  0.0882  4.0279E+02  8.4519E+03  0.0998  1.2123E+04
 16.60  -20.05  0.0481  2.1358E+02  1.4103E+03  0.0891  8.7125E+03
 17.81  -21.79  0.1720  8.2880E+02  5.8944E+04  0.1864  7.4250E+04
 17.20  -17.89  0.0240  1.0454E+02  1.7735E+02  0.0343  5.1653E+02
 17.32  -18.82  0.0383  1.6874E+02  7.1539E+02  0.0519  1.7708E+03
 17.19  -20.18  0.0662  2.9760E+02  3.6245E+03  0.0941  1.0232E+04
 17.45  -20.11  0.0719  3.2481E+02  4.6370E+03  0.0915  9.4227E+03
 17.43  -21.48  0.1294  6.0748E+02  2.5932E+04  0.1643  5.1675E+04
 17.58  -18.06  0.0306  1.3399E+02  3.6628E+02  0.0369  6.4340E+02
 17.75  -19.78  0.0711  3.2098E+02  4.4851E+03  0.0794  6.1997E+03
 17.28  -21.71  0.1336  6.2877E+02  2.8439E+04  0.1809  6.8131E+04
 13.73  -20.76  0.0182  7.9096E+01  7.8125E+01  0.1209  2.1251E+04
 17.64  -18.15  0.0329  1.4436E+02  4.5507E+02  0.0386  7.3164E+02
 17.73  -18.97  0.0493  2.1918E+02  1.5188E+03  0.0555  2.1565E+03
 16.61  -20.07  0.0486  2.1604E+02  1.4574E+03  0.0897  8.8904E+03
 16.68  -20.85  0.0713  3.2188E+02  4.5206E+03  0.1260  2.3962E+04
 17.79  -22.35  0.2158  1.0670E+03  1.1266E+05  0.2351  1.4358E+05
 17.85  -21.18  0.1361  6.4154E+02  3.0009E+04  0.1447  3.5848E+04
 17.96  -21.72  0.1779  8.6061E+02  6.4999E+04  0.1812  6.8527E+04
 17.76  -20.31  0.0900  4.1171E+02  8.9801E+03  0.0999  1.2174E+04
 17.10  -20.34  0.0683  3.0766E+02  3.9807E+03  0.1011  1.2609E+04
 17.45  -20.80  0.0972  4.4647E+02  1.1230E+04  0.1231  2.2385E+04
 16.96  -19.86  0.0520  2.3149E+02  1.7760E+03  0.0822  6.8806E+03
 17.89  -20.08  0.0862  3.9302E+02  7.8953E+03  0.0904  9.0952E+03
 17.35  -21.91  0.1500  7.1337E+02  3.9779E+04  0.1965  8.6345E+04
 16.59  -21.45  0.0889  4.0620E+02  8.6517E+03  0.1624  4.9953E+04
 17.89  -19.84  0.0774  3.5078E+02  5.7524E+03  0.0813  6.6460E+03
 17.28  -20.28  0.0720  3.2497E+02  4.6435E+03  0.0983  1.1615E+04
 17.78  -18.81  0.0469  2.0824E+02  1.3114E+03  0.0517  1.7431E+03
 17.26  -18.60  0.0339  1.4886E+02  4.9745E+02  0.0472  1.3321E+03
 17.54  -21.95  0.1645  7.8890E+02  5.1826E+04  0.1992  8.9803E+04
 15.77  -21.64  0.0674  3.0351E+02  3.8312E+03  0.1757  6.2705E+04
 17.93  -18.44  0.0425  1.8772E+02  9.7326E+02  0.0438  1.0674E+03
 17.88  -21.23  0.1404  6.6376E+02  3.2859E+04  0.1477  3.8020E+04
 15.81  -21.90  0.0770  3.4908E+02  5.6745E+03  0.1956  8.5251E+04
 17.83  -21.31  0.1421  6.7215E+02  3.3975E+04  0.1528  4.1964E+04
 17.88  -20.14  0.0878  4.0101E+02  8.3488E+03  0.0926  9.7516E+03
 16.68  -20.38  0.0578  2.5832E+02  2.4274E+03  0.1028  1.3256E+04
 16.17  -18.30  0.0181  7.8450E+01  7.6261E+01  0.0412  8.9096E+02
 17.97  -19.66  0.0742  3.3568E+02  5.0857E+03  0.0752  5.2764E+03
 17.91  -19.18  0.0585  2.6181E+02  2.5217E+03  0.0608  2.8270E+03
 17.89  -20.47  0.1021  4.7068E+02  1.2982E+04  0.1069  1.4861E+04
 17.27  -20.07  0.0655  2.9450E+02  3.5190E+03  0.0901  8.9972E+03
 15.98  -20.84  0.0519  2.3098E+02  1.7646E+03  0.1253  2.3605E+04
 15.35  -22.15  0.0700  3.1542E+02  4.2700E+03  0.2163  1.1351E+05
 17.99  -20.27  0.0977  4.4891E+02  1.1400E+04  0.0980  1.1502E+04
 17.63  -18.25  0.0341  1.4984E+02  5.0703E+02  0.0402  8.2723E+02
 17.23  -17.16  0.0173  7.5273E+01  6.7508E+01  0.0246  1.9229E+02
 17.07  -21.18  0.0971  4.4609E+02  1.1204E+04  0.1448  3.5869E+04
 17.64  -20.93  0.1118  5.1886E+02  1.6939E+04  0.1304  2.6493E+04
 17.54  -21.47  0.1347  6.3439E+02  2.9124E+04  0.1637  5.1133E+04
 17.89  -21.09  0.1327  6.2385E+02  2.7848E+04  0.1391  3.1922E+04
 16.57  -21.86  0.1049  4.8424E+02  1.4032E+04  0.1922  8.1012E+04
 17.43  -19.49  0.0543  2.4222E+02  2.0210E+03  0.0699  4.2602E+03
 17.95  -20.17  0.0921  4.2185E+02  9.6048E+03  0.0940  1.0193E+04
 17.86  -22.07  0.1974  9.6571E+02  8.7438E+04  0.2092  1.0326E+05
 17.47  -20.01  0.0697  3.1422E+02  4.2244E+03  0.0878  8.3251E+03
 17.88  -22.74  0.2617  1.3273E+03  1.9407E+05  0.2747  2.2223E+05
 17.59  -21.37  0.1317  6.1882E+02  2.7250E+04  0.1567  4.5056E+04
 17.72  -18.72  0.0438  1.9384E+02  1.0673E+03  0.0497  1.5538E+03
 17.56  -20.12  0.0758  3.4323E+02  5.4126E+03  0.0918  9.5127E+03
 17.93  -21.36  0.1517  7.2226E+02  4.1101E+04  0.1561  4.4626E+04
 17.73  -20.70  0.1050  4.8499E+02  1.4091E+04  0.1179  1.9737E+04
 16.16  -19.89  0.0368  1.6210E+02  6.3692E+02  0.0833  7.1432E+03
 16.14  -21.15  0.0639  2.8700E+02  3.2718E+03  0.1426  3.4357E+04
 17.62  -19.06  0.0489  2.1725E+02  1.4809E+03  0.0578  2.4321E+03
 16.81  -21.32  0.0923  4.2279E+02  9.6642E+03  0.1535  4.2458E+04
 17.75  -20.05  0.0800  3.6318E+02  6.3380E+03  0.0893  8.7630E+03
 17.44  -21.52  0.1317  6.1905E+02  2.7277E+04  0.1671  5.4284E+04
 17.85  -19.89  0.0780  3.5360E+02  5.8825E+03  0.0832  7.1163E+03
 17.50  -22.15  0.1757  8.4863E+02  6.2679E+04  0.2163  1.1348E+05
 17.68  -19.29  0.0554  2.4716E+02  2.1406E+03  0.0638  3.2553E+03
 17.05  -21.61  0.1158  5.3882E+02  1.8767E+04  0.1731  6.0006E+04
 15.85  -19.23  0.0238  1.0370E+02  1.7321E+02  0.0623  3.0325E+03
 16.57  -22.55  0.1406  6.6466E+02  3.2978E+04  0.2545  1.7954E+05
 17.58  -17.07  0.0195  8.4883E+01  9.6186E+01  0.0236  1.7037E+02
 17.60  -20.41  0.0875  3.9929E+02  8.2499E+03  0.1041  1.3748E+04
 17.85  -21.34  0.1455  6.8982E+02  3.6397E+04  0.1550  4.3708E+04
 17.70  -21.81  0.1662  7.9820E+02  5.3439E+04  0.1885  7.6701E+04
 17.50  -21.75  0.1487  7.0660E+02  3.8788E+04  0.1833  7.0779E+04
 15.05  -19.55  0.0191  8.3208E+01  9.0704E+01  0.0717  4.5977E+03
 16.29  -20.84  0.0596  2.6699E+02  2.6660E+03  0.1253  2.3595E+04
 17.96  -21.06  0.1352  6.3686E+02  2.9427E+04  0.1374  3.0822E+04
 17.09  -19.08  0.0388  1.7098E+02  7.4323E+02  0.0582  2.4750E+03
 17.92  -20.01  0.0847  3.8583E+02  7.5009E+03  0.0877  8.3080E+03
 17.82  -20.92  0.1199  5.5914E+02  2.0743E+04  0.1294  2.5896E+04
 17.57  -19.63  0.0614  2.7515E+02  2.9035E+03  0.0743  5.0976E+03
 17.01  -21.07  0.0903  4.1281E+02  9.0465E+03  0.1380  3.1236E+04
 17.91  -20.52  0.1051  4.8559E+02  1.4139E+04  0.1093  1.5827E+04
 17.90  -20.94  0.1255  5.8723E+02  2.3675E+04  0.1307  2.6658E+04
 17.76  -20.29  0.0891  4.0722E+02  8.7116E+03  0.0988  1.1779E+04
 17.74  -21.36  0.1401  6.6181E+02  3.2603E+04  0.1563  4.4781E+04
 16.33  -21.13  0.0689  3.1051E+02  4.0855E+03  0.1419  3.3835E+04
 17.13  -18.04  0.0248  1.0807E+02  1.9546E+02  0.0367  6.2934E+02
 17.11  -21.99  0.1398  6.6038E+02  3.2416E+04  0.2030  9.4774E+04
 15.95  -21.77  0.0772  3.4996E+02  5.7147E+03  0.1849  7.2600E+04
 17.69  -21.96  0.1760  8.5015E+02  6.2971E+04  0.2000  9.0837E+04
 17.35  -20.45  0.0799  3.6271E+02  6.3151E+03  0.1059  1.4430E+04
 17.78  -20.35  0.0924  4.2332E+02  9.6974E+03  0.1017  1.2820E+04
 17.22  -21.16  0.1026  4.7322E+02  1.3175E+04  0.1433  3.4804E+04
 17.90  -20.71  0.1136  5.2777E+02  1.7740E+04  0.1187  2.0144E+04
 16.73  -20.32  0.0577  2.5782E+02  2.4141E+03  0.1003  1.2332E+04
 17.19  -21.41  0.1133  5.2626E+02  1.7603E+04  0.1596  4.7504E+04
 17.69  -20.81  0.1081  5.0040E+02  1.5347E+04  0.1237  2.2733E+04
 17.29  -22.06  0.1558  7.4325E+02  4.4324E+04  0.2088  1.0263E+05
 16.11  -16.29  0.0070  3.0205E+01  4.4977E+00  0.0166  5.9138E+01
 17.41  -21.32  0.1195  5.5744E+02  2.0573E+04  0.1537  4.2634E+04
 17.73  -20.95  0.1170  5.4465E+02  1.9321E+04  0.1312  2.6948E+04
 16.72  -20.65  0.0662  2.9758E+02  3.6239E+03  0.1155  1.8589E+04
 17.42  -20.85  0.0979  4.5004E+02  1.1479E+04  0.1258  2.3837E+04
 17.58  -20.11  0.0761  3.4445E+02  5.4667E+03  0.0914  9.3885E+03
 17.95  -16.89  0.0213  9.2855E+01  1.2525E+02  0.0218  1.3406E+02
 16.83  -20.29  0.0593  2.6544E+02  2.6224E+03  0.0990  1.1871E+04
 17.79  -18.13  0.0348  1.5280E+02  5.3668E+02  0.0382  7.0857E+02
 17.98  -21.64  0.1739  8.3928E+02  6.0902E+04  0.1751  6.2051E+04
 17.56  -20.62  0.0944  4.3286E+02  1.0313E+04  0.1142  1.8022E+04
 16.84  -21.48  0.1003  4.6163E+02  1.2310E+04  0.1642  5.1642E+04
 17.89  -20.01  0.0834  3.7964E+02  7.1712E+03  0.0875  8.2676E+03
 17.95  -16.53  0.0181  7.8729E+01  7.7062E+01  0.0185  8.2308E+01
 17.74  -20.39  0.0925  4.2373E+02  9.7236E+03  0.1035  1.3497E+04
 17.30  -18.22  0.0290  1.2696E+02  3.1308E+02  0.0398  8.0162E+02
 17.88  -21.09  0.1325  6.2315E+02  2.7764E+04  0.1394  3.2158E+04
 17.67  -19.19  0.0529  2.3563E+02  1.8680E+03  0.0612  2.8822E+03
 16.63  -18.54  0.0248  1.0805E+02  1.9537E+02  0.0458  1.2213E+03
 15.96  -21.28  0.0627  2.8134E+02  3.0925E+03  0.1511  4.0611E+04
 17.75  -21.48  0.1474  6.9950E+02  3.7766E+04  0.1638  5.1221E+04
 16.85  -21.82  0.1166  5.4259E+02  1.9124E+04  0.1892  7.7436E+04
 17.82  -21.68  0.1655  7.9466E+02  5.2821E+04  0.1783  6.5418E+04
 17.66  -21.47  0.1421  6.7222E+02  3.3985E+04  0.1636  5.1097E+04
 17.32  -19.52  0.0523  2.3269E+02  1.8024E+03  0.0707  4.3987E+03
 16.98  -18.51  0.0286  1.2531E+02  3.0131E+02  0.0452  1.1694E+03
 16.38  -20.46  0.0522  2.3262E+02  1.8008E+03  0.1062  1.4582E+04
 18.00  -19.57  0.0723  3.2668E+02  4.7125E+03  0.0724  4.7266E+03
 15.79  -22.42  0.0959  4.4007E+02  1.0793E+04  0.2422  1.5616E+05
 13.95  -21.70  0.0307  1.3451E+02  3.7045E+02  0.1796  6.6756E+04
 16.94  -18.93  0.0340  1.4919E+02  5.0069E+02  0.0545  2.0445E+03
 17.36  -21.43  0.1226  5.7267E+02  2.2127E+04  0.1604  4.8210E+04
 16.89  -21.66  0.1107  5.1334E+02  1.6453E+04  0.1770  6.4033E+04
 14.16  -20.36  0.0185  8.0431E+01  8.2076E+01  0.1021  1.2981E+04
 17.34  -21.39  0.1194  5.5661E+02  2.0491E+04  0.1581  4.6273E+04
 17.88  -21.30  0.1449  6.8677E+02  3.5972E+04  0.1523  4.1499E+04
 17.50  -20.96  0.1063  4.9118E+02  1.4588E+04  0.1317  2.7262E+04
 17.82  -20.93  0.1205  5.6206E+02  2.1038E+04  0.1301  2.6314E+04
 16.99  -18.85  0.0335  1.4705E+02  4.8012E+02  0.0526  1.8339E+03
 17.70  -21.65  0.1554  7.4122E+02  4.4007E+04  0.1764  6.3387E+04
 15.60  -20.86  0.0443  1.9621E+02  1.1053E+03  0.1263  2.4121E+04
 17.89  -20.96  0.1255  5.8731E+02  2.3683E+04  0.1315  2.7160E+04
 17.40  -20.00  0.0671  3.0195E+02  3.7760E+03  0.0871  8.1506E+03
 17.27  -18.52  0.0329  1.4444E+02  4.5573E+02  0.0455  1.1981E+03
 17.37  -19.51  0.0533  2.3751E+02  1.9108E+03  0.0703  4.3355E+03
 17.29  -20.20  0.0696  3.1388E+02  4.2114E+03  0.0950  1.0506E+04
 17.90  -19.76  0.0754  3.4117E+02  5.3220E+03  0.0786  6.0293E+03
 17.86  -19.20  0.0579  2.5884E+02  2.4413E+03  0.0616  2.9273E+03
 17.86  -20.90  0.1212  5.6564E+02  2.1401E+04  0.1285  2.5400E+04
 17.17  -21.79  0.1317  6.1881E+02  2.7249E+04  0.1865  7.4408E+04
 17.52  -19.47  0.0560  2.5022E+02  2.2171E+03  0.0692  4.1432E+03
 17.97  -17.89  0.0339  1.4900E+02  4.9887E+02  0.0343  5.1808E+02
 16.94  -21.35  0.0992  4.5636E+02  1.1928E+04  0.1556  4.4167E+04
 17.39  -20.24  0.0742  3.3565E+02  5.0845E+03  0.0970  1.1160E+04
 17.89  -21.61  0.1656  7.9479E+02  5.2843E+04  0.1736  6.0536E+04
 17.82  -20.45  0.0980  4.5070E+02  1.1526E+04  0.1059  1.4424E+04
 16.91  -23.22  0.2153  1.0646E+03  1.1203E+05  0.3335  3.7997E+05
 14.26  -19.89  0.0156  6.7747E+01  4.9467E+01  0.0833  7.1325E+03
 17.94  -20.35  0.0991  4.5579E+02  1.1886E+04  0.1017  1.2828E+04
 15.91  -21.68  0.0730  3.2988E+02  4.8429E+03  0.1785  6.5581E+04
 16.83  -21.36  0.0951  4.3614E+02  1.0529E+04  0.1563  4.4747E+04
 17.24  -22.13  0.1567  7.4825E+02  4.5114E+04  0.2148  1.1129E+05
 16.84  -19.38  0.0397  1.7539E+02  8.0000E+02  0.0664  3.6668E+03
 17.65  -18.67  0.0417  1.8414E+02  9.2071E+02  0.0487  1.4611E+03
 17.30  -22.60  0.1949  9.5205E+02  8.4307E+04  0.2599  1.9043E+05
 16.90  -21.21  0.0914  4.1846E+02  9.3933E+03  0.1463  3.6950E+04
 16.34  -21.87  0.0956  4.3866E+02  1.0698E+04  0.1930  8.2045E+04
 15.82  -20.21  0.0365  1.6077E+02  6.2189E+02  0.0956  1.0711E+04
 17.84  -18.50  0.0420  1.8575E+02  9.4402E+02  0.0450  1.1601E+03
 17.99  -17.47  0.0282  1.2341E+02  2.8815E+02  0.0284  2.9278E+02
 17.98  -20.35  0.1006  4.6341E+02  1.2440E+04  0.1016  1.2785E+04
 16.54  -20.48  0.0568  2.5360E+02  2.3034E+03  0.1073  1.4996E+04
 17.11  -21.04  0.0929  4.2576E+02  9.8526E+03  0.1363  3.0145E+04
 17.03  -19.22  0.0402  1.7731E+02  8.2557E+02  0.0619  2.9819E+03
 17.69  -20.18  0.0826  3.7583E+02  6.9725E+03  0.0944  1.0309E+04
 17.28  -19.88  0.0604  2.7039E+02  2.7635E+03  0.0829  7.0393E+03
 17.05  -20.46  0.0704  3.1776E+02  4.3599E+03  0.1065  1.4682E+04
 17.72  -20.82  0.1102  5.1055E+02  1.6210E+04  0.1239  2.2851E+04
 16.52  -22.09  0.1133  5.2611E+02  1.7590E+04  0.2112  1.0600E+05
 17.04  -21.17  0.0959  4.4005E+02  1.0791E+04  0.1443  3.5526E+04
 17.75  -20.22  0.0863  3.9354E+02  7.9246E+03  0.0960  1.0848E+04
 17.10  -21.86  0.1314  6.1757E+02  2.7103E+04  0.1919  8.0696E+04
 17.69  -19.16  0.0526  2.3415E+02  1.8348E+03  0.0603  2.7476E+03
 16.53  -22.09  0.1138  5.2846E+02  1.7803E+04  0.2112  1.0605E+05
 17.73  -20.95  0.1172  5.4545E+02  1.9398E+04  0.1315  2.7153E+04
 17.56  -20.89  0.1060  4.9012E+02  1.4502E+04  0.1280  2.5081E+04
 17.08  -18.04  0.0242  1.0553E+02  1.8232E+02  0.0367  6.2902E+02
 17.57  -20.94  0.1088  5.0378E+02  1.5632E+04  0.1306  2.6589E+04
 16.14  -20.07  0.0396  1.7477E+02  7.9189E+02  0.0900  8.9545E+03
 17.49  -21.09  0.1120  5.1948E+02  1.6993E+04  0.1391  3.1956E+04
 17.12  -19.65  0.0508  2.2591E+02  1.6562E+03  0.0750  5.2359E+03
 17.97  -21.66  0.1746  8.4291E+02  6.1589E+04  0.1767  6.3761E+04
 14.51  -20.00  0.0184  7.9881E+01  8.0432E+01  0.0874  8.2306E+03
 17.65  -20.50  0.0932  4.2713E+02  9.9408E+03  0.1082  1.5386E+04
 17.14  -21.41  0.1108  5.1373E+02  1.6487E+04  0.1595  4.7477E+04
 17.44  -19.59  0.0570  2.5452E+02  2.3273E+03  0.0729  4.8253E+03
 16.70  -21.80  0.1081  5.0032E+02  1.5340E+04  0.1874  7.5441E+04
 17.93  -19.95  0.0827  3.7634E+02  6.9987E+03  0.0853  7.6485E+03
 17.77  -20.92  0.1176  5.4763E+02  1.9609E+04  0.1295  2.5972E+04
 17.63  -21.11  0.1199  5.5932E+02  2.0762E+04  0.1402  3.2696E+04
 16.70  -19.88  0.0467  2.0697E+02  1.2887E+03  0.0829  7.0399E+03
 16.52  -19.27  0.0328  1.4408E+02  4.5244E+02  0.0634  3.1972E+03
 17.77  -22.38  0.2166  1.0717E+03  1.1392E+05  0.2378  1.4837E+05
 16.23  -19.82  0.0369  1.6258E+02  6.4239E+02  0.0807  6.5065E+03
 14.24  -17.41  0.0050  2.1408E+01  1.6110E+00  0.0276  2.7111E+02
 17.54  -18.73  0.0406  1.7914E+02  8.5038E+02  0.0499  1.5710E+03
 17.96  -20.96  0.1298  6.0948E+02  2.6163E+04  0.1319  2.7385E+04
 17.22  -21.70  0.1293  6.0673E+02  2.5847E+04  0.1795  6.6698E+04
 17.19  -19.66  0.0527  2.3473E+02  1.8477E+03  0.0752  5.2811E+03
 17.79  -18.73  0.0454  2.0139E+02  1.1914E+03  0.0499  1.5744E+03
 17.92  -18.56  0.0446  1.9763E+02  1.1286E+03  0.0462  1.2490E+03
 17.26  -20.36  0.0741  3.3494E+02  5.0544E+03  0.1021  1.2974E+04
 17.89  -21.32  0.1466  6.9560E+02  3.7212E+04  0.1534  4.2379E+04
 17.81  -21.38  0.1453  6.8865E+02  3.6234E+04  0.1575  4.5741E+04
 17.48  -22.11  0.1717  8.2737E+02  5.8681E+04  0.2129  1.0850E+05
 17.95  -20.56  0.1083  5.0150E+02  1.5440E+04  0.1109  1.6518E+04
 17.85  -21.00  0.1259  5.8930E+02  2.3900E+04  0.1340  2.8692E+04
 17.28  -20.64  0.0844  3.8430E+02  7.4186E+03  0.1150  1.8383E+04
 17.30  -22.61  0.1963  9.5968E+02  8.6049E+04  0.2610  1.9266E+05
 17.51  -18.33  0.0335  1.4726E+02  4.8206E+02  0.0417  9.2068E+02
 15.88  -20.77  0.0483  2.1429E+02  1.4237E+03  0.1216  2.1642E+04
 17.97  -18.39  0.0423  1.8681E+02  9.5965E+02  0.0429  1.0025E+03
 17.79  -19.80  0.0729  3.2946E+02  4.8258E+03  0.0800  6.3465E+03
 17.05  -19.86  0.0541  2.4116E+02  1.9959E+03  0.0822  6.8715E+03
 17.86  -21.10  0.1319  6.1979E+02  2.7365E+04  0.1400  3.2522E+04
 17.64  -19.04  0.0487  2.1624E+02  1.4613E+03  0.0572  2.3586E+03
 17.19  -19.42  0.0473  2.0980E+02  1.3398E+03  0.0677  3.8846E+03
 17.51  -19.87  0.0664  2.9886E+02  3.6681E+03  0.0823  6.8894E+03
 17.96  -21.88  0.1905  9.2851E+02  7.9065E+04  0.1939  8.3156E+04
 17.75  -21.26  0.1344  6.3257E+02  2.8901E+04  0.1496  3.9472E+04
 16.40  -20.68  0.0582  2.6026E+02  2.4796E+03  0.1169  1.9295E+04
 17.43  -21.20  0.1142  5.3045E+02  1.7986E+04  0.1457  3.6552E+04
 16.98  -21.73  0.1188  5.5352E+02  2.0185E+04  0.1824  6.9828E+04
 17.81  -20.74  0.1103  5.1141E+02  1.6285E+04  0.1198  2.0712E+04
 17.84  -22.22  0.2089  1.0290E+03  1.0279E+05  0.2227  1.2327E+05
 17.73  -20.22  0.0855  3.8952E+02  7.7019E+03  0.0961  1.0880E+04
 17.97  -19.09  0.0579  2.5905E+02  2.4468E+03  0.0586  2.5326E+03
 17.92  -20.04  0.0857  3.9066E+02  7.7644E+03  0.0887  8.5776E+03
 17.87  -20.45  0.1000  4.6047E+02  1.2224E+04  0.1058  1.4415E+04
 15.84  -22.00  0.0814  3.7006E+02  6.6788E+03  0.2038  9.5753E+04
 17.36  -21.10  0.1064  4.9180E+02  1.4638E+04  0.1396  3.2314E+04
 17.64  -19.37  0.0564  2.5185E+02  2.2583E+03  0.0661  3.6204E+03
 17.54  -21.43  0.1325  6.2293E+02  2.7738E+04  0.1608  4.8604E+04
 17.02  -21.41  0.1054  4.8696E+02  1.4248E+04  0.1597  4.7613E+04
 17.72  -21.36  0.1389  6.5573E+02  3.1812E+04  0.1560  4.4514E+04
 17.86  -20.32  0.0946  4.3363E+02  1.0363E+04  0.1004  1.2351E+04
 17.83  -22.03  0.1924  9.3842E+02  8.1248E+04  0.2060  9.8724E+04
 17.80  -19.36  0.0604  2.7064E+02  2.7707E+03  0.0659  3.5852E+03
 17.96  -17.75  0.0317  1.3899E+02  4.0749E+02  0.0322  4.2846E+02
 15.85  -21.26  0.0589  2.6336E+02  2.5644E+03  0.1495  3.9333E+04
 17.54  -20.77  0.0999  4.5971E+02  1.2169E+04  0.1215  2.1559E+04
 17.89  -18.37  0.0406  1.7905E+02  8.4920E+02  0.0426  9.8177E+02
 16.99  -21.46  0.1058  4.8894E+02  1.4407E+04  0.1628  5.0356E+04
 16.58  -18.82  0.0275  1.2035E+02  2.6779E+02  0.0519  1.7663E+03
 17.32  -20.05  0.0662  2.9786E+02  3.6337E+03  0.0892  8.7256E+03
 16.62  -20.90  0.0708  3.1940E+02  4.4234E+03  0.1283  2.5289E+04
 17.87  -17.15  0.0232  1.0098E+02  1.6020E+02  0.0246  1.9052E+02
 17.69  -19.34  0.0571  2.5517E+02  2.3441E+03  0.0654  3.4962E+03
 17.61  -19.66  0.0632  2.8346E+02  3.1588E+03  0.0751  5.2553E+03
 17.77  -21.12  0.1278  5.9897E+02  2.4969E+04  0.1411  3.3274E+04
 16.86  -16.99  0.0136  5.8917E+01  3.2730E+01  0.0228  1.5288E+02
 17.82  -21.60  0.1598  7.6437E+02  4.7711E+04  0.1722  5.9177E+04
 17.95  -20.70  0.1155  5.3731E+02  1.8624E+04  0.1182  1.9909E+04
 17.79  -19.38  0.0607  2.7188E+02  2.8068E+03  0.0666  3.6926E+03
 17.35  -20.95  0.0996  4.5836E+02  1.2071E+04  0.1314  2.7072E+04
 17.62  -21.85  0.1640  7.8653E+02  5.1419E+04  0.1917  8.0454E+04
 17.93  -20.58  0.1084  5.0200E+02  1.5482E+04  0.1118  1.6940E+04
 17.89  -21.66  0.1686  8.1080E+02  5.5668E+04  0.1768  6.3806E+04
 17.49  -22.41  0.1959  9.5754E+02  8.5559E+04  0.2413  1.5448E+05
 17.97  -19.95  0.0843  3.8412E+02  7.4090E+03  0.0855  7.7221E+03
 17.97  -19.92  0.0832  3.7839E+02  7.1055E+03  0.0842  7.3682E+03
 16.91  -21.83  0.1200  5.5962E+02  2.0792E+04  0.1894  7.7777E+04
 17.97  -19.60  0.0723  3.2646E+02  4.7035E+03  0.0731  4.8645E+03
 17.43  -22.78  0.2214  1.0986E+03  1.2128E+05  0.2795  2.3320E+05
 16.77  -21.53  0.0995  4.5778E+02  1.2030E+04  0.1678  5.4949E+04
 17.73  -21.67  0.1587  7.5874E+02  4.6794E+04  0.1779  6.4964E+04
 17.50  -19.56  0.0577  2.5805E+02  2.4200E+03  0.0721  4.6595E+03
 17.85  -22.44  0.2296  1.1441E+03  1.3426E+05  0.2439  1.5935E+05
 14.74  -18.58  0.0107  4.6093E+01  1.5809E+01  0.0466  1.2853E+03
 17.83  -20.97  0.1229  5.7419E+02  2.2286E+04  0.1323  2.7614E+04
 17.41  -19.00  0.0434  1.9206E+02  1.0394E+03  0.0563  2.2503E+03
 17.32  -20.68  0.0871  3.9754E+02  8.1499E+03  0.1171  1.9346E+04
 17.14  -20.77  0.0841  3.8288E+02  7.3424E+03  0.1218  2.1700E+04
 17.66  -21.54  0.1460  6.9233E+02  3.6750E+04  0.1684  5.5531E+04
 15.56  -22.10  0.0753  3.4072E+02  5.3025E+03  0.2122  1.0744E+05
 17.34  -19.64  0.0559  2.4939E+02  2.1961E+03  0.0747  5.1838E+03
 17.19  -19.41  0.0471  2.0908E+02  1.3267E+03  0.0674  3.8198E+03
 17.17  -21.57  0.1199  5.5933E+02  2.0763E+04  0.1703  5.7270E+04
 17.41  -19.26  0.0485  2.1529E+02  1.4430E+03  0.0631  3.1450E+03
 16.23  -21.58  0.0803  3.6474E+02  6.4142E+03  0.1714  5.8425E+04
 17.92  -21.85  0.1853  8.9996E+02  7.2960E+04  0.1915  8.0193E+04
 17.52  -22.66  0.2189  1.0842E+03  1.1732E+05  0.2660  2.0315E+05
 17.56  -20.08  0.0745  3.3685E+02  5.1353E+03  0.0902  9.0239E+03
 17.64  -21.56  0.1461  6.9278E+02  3.6813E+04  0.1695  5.6584E+04
 17.85  -18.63  0.0447  1.9797E+02  1.1342E+03  0.0478  1.3825E+03
 17.51  -20.34  0.0816  3.7070E+02  6.7109E+03  0.1011  1.2596E+04
 17.16  -20.66  0.0806  3.6604E+02  6.4781E+03  0.1161  1.8878E+04
 17.19  -23.06  0.2254  1.1206E+03  1.2748E+05  0.3124  3.1761E+05
 17.59  -18.67  0.0404  1.7826E+02  8.3838E+02  0.0486  1.4506E+03
 17.42  -20.59  0.0876  3.9973E+02  8.2753E+03  0.1124  1.7175E+04
 16.49  -20.13  0.0474  2.1029E+02  1.3488E+03  0.0922  9.6391E+03
 17.06  -19.68  0.0501  2.2287E+02  1.5932E+03  0.0759  5.4309E+03
 17.92  -21.74  0.1764  8.5242E+02  6.3407E+04  0.1825  6.9920E+04
 17.60  -20.79  0.1034  4.7706E+02  1.3470E+04  0.1226  2.2163E+04
 17.87  -18.88  0.0504  2.2396E+02  1.6157E+03  0.0533  1.9164E+03
